Part,Feedback
Disc Brake Rotor,sdasffasd
